0.0
0.0
0.0
0.0
55.0
46.0
21.0
0.0
0.0
0.0
0.0
0.0
116.0
149.0
32.0
0.0
0.0
0.0
0.0
0.0
201.0
254.0
138.0
69.0
0.0
0.0
0.0
0.0
170.0
154.0
76.0
0.0
0.0
0.0
0.0
0.0
0.0
0.0
21.0
32.0
0.0
0.0
0.0
0.0
0.0
0.0
41.0
103.0
0.0
0.0
0.0
0.0
0.0
0.0
0.0
0.0
0.0
0.0
0.0
0.0
0.0
0.0
0.0
0.0
0.0
0.0
0.0
0.0
0.0
0.0
0.0
0.0
0.0
0.0
0.0
0.0
0.0
0.0
0.0
0.0
0.0
0.0
0.0
0.0
0.0
0.0
0.0
0.0
0.0
0.0
0.0
0.0
0.0
0.0
0.0
0.0
0.0
0.0
0.0
0.0
0.0
0.0
0.0
0.0
0.0
0.0
0.0
0.0
0.0
0.0
0.0
0.0
0.0
0.0
0.0
0.0
0.0
0.0
0.0
0.0
0.0
0.0
0.0
0.0
0.0
0.0
0.0
0.0
