76.0
107.0
84.0
233.0
254.0
162.0
128.0
0.0
34.0
0.0
0.0
169.0
181.0
63.0
0.0
0.0
0.0
0.0
0.0
46.0
115.0
87.0
0.0
0.0
0.0
0.0
0.0
105.0
193.0
187.0
143.0
40.0
0.0
0.0
0.0
45.0
111.0
127.0
138.0
39.0
0.0
0.0
0.0
0.0
0.0
0.0
0.0
0.0
0.0
0.0
0.0
0.0
0.0
0.0
0.0
0.0
0.0
0.0
0.0
0.0
0.0
0.0
0.0
0.0
0.0
0.0
0.0
0.0
0.0
0.0
0.0
0.0
0.0
0.0
0.0
0.0
0.0
0.0
0.0
0.0
0.0
0.0
0.0
0.0
0.0
0.0
0.0
0.0
0.0
0.0
0.0
0.0
0.0
0.0
0.0
0.0
0.0
0.0
0.0
0.0
0.0
0.0
0.0
0.0
0.0
0.0
0.0
0.0
0.0
0.0
0.0
0.0
0.0
0.0
0.0
0.0
0.0
0.0
0.0
0.0
0.0
0.0
0.0
0.0
0.0
0.0
0.0
0.0
