0.0
0.0
0.0
0.0
5.0
29.0
0.0
0.0
0.0
0.0
0.0
65.0
191.0
243.0
166.0
0.0
0.0
0.0
0.0
104.0
231.0
82.0
15.0
0.0
0.0
0.0
0.0
79.0
254.0
104.0
46.0
0.0
0.0
0.0
0.0
0.0
196.0
81.0
81.0
0.0
0.0
0.0
0.0
0.0
0.0
11.0
36.0
0.0
0.0
0.0
0.0
0.0
0.0
0.0
0.0
0.0
0.0
0.0
0.0
0.0
0.0
0.0
0.0
0.0
0.0
0.0
0.0
0.0
0.0
0.0
0.0
0.0
0.0
0.0
0.0
0.0
0.0
0.0
0.0
0.0
0.0
0.0
0.0
0.0
0.0
0.0
0.0
0.0
0.0
0.0
0.0
0.0
0.0
0.0
0.0
0.0
0.0
0.0
0.0
0.0
0.0
0.0
0.0
0.0
0.0
0.0
0.0
0.0
0.0
0.0
0.0
0.0
0.0
0.0
0.0
0.0
0.0
0.0
0.0
0.0
0.0
0.0
0.0
0.0
0.0
0.0
0.0
0.0
