0.0
0.0
65.0
175.0
189.0
148.0
81.0
41.0
0.0
0.0
70.0
177.0
245.0
201.0
125.0
67.0
0.0
0.0
13.0
203.0
231.0
93.0
0.0
0.0
0.0
0.0
0.0
126.0
216.0
189.0
46.0
0.0
0.0
0.0
0.0
38.0
121.0
254.0
170.0
0.0
0.0
0.0
0.0
0.0
0.0
0.0
41.0
0.0
0.0
0.0
0.0
0.0
0.0
0.0
0.0
0.0
0.0
0.0
0.0
0.0
0.0
0.0
0.0
0.0
0.0
0.0
0.0
0.0
0.0
0.0
0.0
0.0
0.0
0.0
0.0
0.0
0.0
0.0
0.0
0.0
0.0
0.0
0.0
0.0
0.0
0.0
0.0
0.0
0.0
0.0
0.0
0.0
0.0
0.0
0.0
0.0
0.0
0.0
0.0
0.0
0.0
0.0
0.0
0.0
0.0
0.0
0.0
0.0
0.0
0.0
0.0
0.0
0.0
0.0
0.0
0.0
0.0
0.0
0.0
0.0
0.0
0.0
0.0
0.0
0.0
0.0
0.0
0.0
