0.0
121.0
62.0
41.0
72.0
82.0
49.0
39.0
0.0
24.0
38.0
57.0
135.0
205.0
125.0
59.0
0.0
0.0
0.0
82.0
86.0
79.0
18.0
0.0
0.0
0.0
0.0
192.0
254.0
187.0
0.0
0.0
0.0
0.0
0.0
173.0
229.0
141.0
25.0
0.0
0.0
0.0
0.0
0.0
0.0
9.0
57.0
0.0
0.0
0.0
0.0
0.0
0.0
0.0
0.0
0.0
0.0
0.0
0.0
0.0
0.0
0.0
0.0
0.0
0.0
0.0
0.0
0.0
0.0
0.0
0.0
0.0
0.0
0.0
0.0
0.0
0.0
0.0
0.0
0.0
0.0
0.0
0.0
0.0
0.0
0.0
0.0
0.0
0.0
0.0
0.0
0.0
0.0
0.0
0.0
0.0
0.0
0.0
0.0
0.0
0.0
0.0
0.0
0.0
0.0
0.0
0.0
0.0
0.0
0.0
0.0
0.0
0.0
0.0
0.0
0.0
0.0
0.0
0.0
0.0
0.0
0.0
0.0
0.0
0.0
0.0
0.0
0.0
